cis625dem.asc
ncols         350
nrows         225
xllcorner     81150.000000001
yllcorner     98150.000000001
cellsize      1
NODATA_value  -9999
[rows 28 to 55 of 225, columns 126 to 188 of 350]
658.3325 658.3898 658.4457 658.4992 658.5486 658.5938 658.636 658.6767 658.7153 658.7507 658.7829 658.813 658.8422 658.8707 658.8976 658.9233 658.9482 658.9727 658.9966 659.0197 659.0412 659.0611 659.0798 659.0973 659.1135 659.1287 659.1436 659.1589 659.1741 659.1882 659.2002 659.21 659.2178 659.2243 659.2294 659.2325 659.2327 659.2298 659.2244 659.2166 659.2067 659.1951 659.1828 659.1702 659.1578 659.1452 659.1315 659.1163 659.1 659.0834 659.0668 659.0504 659.0353 659.0221 659.0101 658.9979 658.9839 658.9683 658.9515 658.9339 658.9156 658.8958 658.8737
658.3038 658.3603 658.4157 658.4687 658.5175 658.5622 658.6042 658.6443 658.6821 658.7168 658.7483 658.7778 658.8066 658.8348 658.8615 658.8866 658.9107 658.9341 658.9572 658.9792 658.9999 659.0191 659.0372 659.0543 659.0701 659.0845 659.0982 659.1122 659.1261 659.139 659.15 659.159 659.1663 659.1724 659.1772 659.18 659.1798 659.1766 659.1709 659.1628 659.1525 659.1406 659.1277 659.1146 659.1017 659.0887 659.075 659.0601 659.0443 659.0279 659.0112 658.9947 658.9794 658.9658 658.9534 658.9409 658.9268 658.911 658.8937 658.8754 658.8566 658.837 658.8159
658.2758 658.3315 658.386 658.438 658.4861 658.5304 658.5723 658.6121 658.6494 658.6833 658.7142 658.7433 658.7715 658.7993 658.8257 658.8504 658.8736 658.8958 658.9175 658.9385 658.9585 658.9771 658.9944 659.0109 659.0261 659.0397 659.0526 659.0653 659.0779 659.0895 659.0994 659.1074 659.114 659.1198 659.1243 659.1266 659.126 659.1223 659.1161 659.1076 659.0969 659.0845 659.0715 659.0583 659.0451 659.0317 659.0178 659.0032 658.9875 658.9711 658.9545 658.9382 658.9232 658.9095 658.8967 658.8839 658.87 658.8543 658.837 658.8187 658.7999 658.7805 658.7601
658.2487 658.3036 658.3567 658.4075 658.4547 658.4986 658.5403 658.5798 658.6165 658.65 658.6804 658.709 658.7368 658.7642 658.7901 658.8141 658.8362 658.857 658.8773 658.8972 658.9163 658.934 658.9505 658.9661 658.9808 658.9942 659.0063 659.0179 659.0293 659.0396 659.0482 659.0549 659.0607 659.0659 659.0699 659.0718 659.0706 659.0665 659.0599 659.0508 659.0396 659.027 659.0143 659.0015 658.9879 658.9738 658.9596 658.945 658.9296 658.9133 658.8969 658.8813 658.867 658.8536 658.8405 658.8275 658.8138 658.7986 658.7818 658.7638 658.7453 658.7263 658.7067
658.2222 658.276 658.3278 658.3771 658.4233 658.4667 658.5079 658.5468 658.5828 658.6157 658.6457 658.6736 658.701 658.7279 658.7534 658.7765 658.7975 658.8172 658.8363 658.8552 658.8734 658.8901 658.9057 658.9206 658.9348 658.9477 658.9591 658.9697 658.9798 658.989 658.9964 659.002 659.0065 659.0107 659.014 659.0151 659.0134 659.0089 659.0021 658.9925 658.981 658.9687 658.9567 658.9442 658.9302 658.9155 658.9007 658.886 658.8707 658.8547 658.8391 658.8247 658.8113 658.7982 658.7851 658.7722 658.7587 658.744 658.7275 658.71 658.6921 658.6739 658.655
658.1953 658.2484 658.2987 658.3464 658.3914 658.434 658.4744 658.5123 658.5475 658.5798 658.6091 658.6365 658.6633 658.6898 658.7147 658.7371 658.7573 658.7762 658.7948 658.813 658.8306 658.8465 658.8611 658.8751 658.8884 658.9005 658.9111 658.9205 658.9293 658.9374 658.9438 658.9482 658.9517 658.9548 658.9568 658.957 658.9547 658.9498 658.9426 658.933 658.9219 658.9105 658.8992 658.887 658.8727 658.8575 658.8425 658.8276 658.8123 658.7968 658.7823 658.7692 658.7567 658.7441 658.7312 658.7183 658.7048 658.6902 658.6741 658.6571 658.6398 658.6225 658.6045
658.1672 658.2198 658.269 658.3153 658.3588 658.4001 658.4393 658.4763 658.5107 658.5422 658.5709 658.5978 658.6241 658.6501 658.6744 658.6964 658.7163 658.735 658.7535 658.7717 658.7888 658.8043 658.8182 658.8309 658.8428 658.8535 658.863 658.8715 658.8788 658.8852 658.8899 658.8932 658.8958 658.8979 658.8989 658.8981 658.8951 658.8899 658.8826 658.8735 658.8634 658.8532 658.8428 658.8308 658.8167 658.8013 658.7859 658.7708 658.7554 658.7405 658.7271 658.7148 658.7031 658.691 658.6783 658.6654 658.6519 658.6373 658.6216 658.605 658.5883 658.5716 658.5543
658.1376 658.1897 658.2383 658.2835 658.3258 658.3657 658.4035 658.4393 658.4727 658.5032 658.5314 658.5582 658.5844 658.6097 658.6334 658.655 658.675 658.6941 658.713 658.7312 658.7482 658.7633 658.7766 658.7881 658.7983 658.8076 658.816 658.8233 658.8288 658.8326 658.8348 658.8365 658.8381 658.8393 658.8394 658.8379 658.8347 658.8295 658.8226 658.8148 658.8063 658.7974 658.7877 658.7761 658.7623 658.7469 658.7313 658.7158 658.7006 658.6863 658.6733 658.6615 658.6501 658.6384 658.626 658.6132 658.5998 658.5856 658.5706 658.5546 658.5381 658.5215 658.5047
658.1065 658.1578 658.206 658.2509 658.2927 658.3316 658.368 658.4022 658.4341 658.4636 658.4913 658.5181 658.5444 658.5693 658.5924 658.6138 658.6342 658.6537 658.6727 658.6909 658.7075 658.7223 658.7351 658.7457 658.7546 658.7625 658.7698 658.7758 658.7792 658.7801 658.7795 658.7791 658.7792 658.7792 658.7783 658.7762 658.7731 658.7686 658.7629 658.7565 658.7497 658.742 658.7329 658.7217 658.7084 658.6934 658.6779 658.6625 658.6477 658.6337 658.621 658.6091 658.5978 658.5862 658.5741 658.5616 658.5487 658.5355 658.5214 658.5062 658.4899 658.4733 658.4564
658.0745 658.1247 658.1724 658.2172 658.2591 658.2977 658.3331 658.3658 658.3961 658.4242 658.451 658.4778 658.504 658.5287 658.5515 658.5731 658.5937 658.6133 658.6321 658.6495 658.6655 658.6798 658.692 658.7017 658.7094 658.7162 658.7227 658.7275 658.7293 658.728 658.7252 658.7227 658.7209 658.7192 658.7169 658.7142 658.7111 658.7072 658.7027 658.6978 658.6921 658.6852 658.6765 658.6661 658.6537 658.6398 658.6252 658.6106 658.5964 658.5826 658.5698 658.5578 658.5463 658.5349 658.5231 658.511 658.4987 658.4865 658.4737 658.4595 658.4437 658.4272 658.4101
658.0409 658.0905 658.1376 658.1825 658.2247 658.2634 658.2984 658.3301 658.359 658.3857 658.4115 658.4375 658.4633 658.4877 658.5106 658.5323 658.553 658.5723 658.5902 658.6067 658.6216 658.6349 658.6459 658.6542 658.6606 658.6667 658.6725 658.677 658.6781 658.6758 658.6718 658.6675 658.6639 658.6602 658.6564 658.6528 658.6492 658.6456 658.6418 658.6377 658.6328 658.6262 658.6182 658.6087 658.5979 658.5859 658.5729 658.5596 658.5461 658.5326 658.5196 658.5073 658.4957 658.4844 658.4728 658.4609 658.4491 658.4379 658.4265 658.4135 658.3987 658.3825 658.3655
658.0052 658.0548 658.1016 658.1462 658.1885 658.2274 658.2625 658.294 658.3223 658.3481 658.373 658.3981 658.423 658.4468 658.4695 658.491 658.5113 658.5299 658.5469 658.5623 658.5757 658.5872 658.5965 658.6031 658.6081 658.6133 658.6188 658.6232 658.6243 658.6219 658.6172 658.6119 658.6065 658.601 658.5958 658.5911 658.5872 658.5836 658.58 658.5762 658.5716 658.5656 658.5583 658.5502 658.5413 658.5316 658.5208 658.5092 658.4966 658.4832 658.4699 658.4573 658.4456 658.4343 658.4227 658.4109 658.3995 658.389 658.3787 658.3671 658.3535 658.338 658.3215
657.9673 658.0171 658.0635 658.1076 658.1496 658.1887 658.2241 658.2559 658.2844 658.3102 658.335 658.3594 658.3832 658.406 658.4279 658.4487 658.468 658.4857 658.5018 658.5159 658.5276 658.5372 658.5445 658.5496 658.5535 658.5577 658.5626 658.5667 658.5677 658.5654 658.5604 658.554 658.547 658.5399 658.5334 658.528 658.5237 658.5201 658.5168 658.5135 658.5095 658.5043 658.4981 658.4913 658.4843 658.4767 658.4683 658.4584 658.4469 658.4339 658.4206 658.4078 658.3961 658.3848 658.3734 658.3618 658.3506 658.3403 658.3306 658.3201 658.3075 658.2932 658.2776
657.9272 657.9769 658.0229 658.0663 658.1078 658.1469 658.1829 658.2155 658.2446 658.2709 658.2959 658.3201 658.3432 658.3647 658.3852 658.4047 658.4229 658.4395 658.4545 658.4674 658.4778 658.4858 658.4915 658.4955 658.4988 658.5022 658.5059 658.509 658.5098 658.5073 658.5016 658.4941 658.4858 658.4775 658.4699 658.4636 658.4588 658.4552 658.4523 658.45 658.4472 658.4433 658.4384 658.4327 658.4271 658.4213 658.4146 658.4064 658.3962 658.3843 658.3715 658.3592 658.3478 658.3369 658.3259 658.3145 658.3034 658.293 658.2834 658.2732 658.2615 658.2482 658.2339
657.8853 657.9346 657.9802 658.0231 658.0641 658.1032 658.1398 658.1731 658.2027 658.2294 658.2546 658.2789 658.3015 658.3218 658.3407 658.3588 658.3757 658.3911 658.405 658.4171 658.4266 658.4335 658.4382 658.4417 658.4445 658.4472 658.45 658.4521 658.452 658.4489 658.4425 658.4341 658.425 658.4157 658.407 658.3997 658.394 658.3903 658.3881 658.387 658.3856 658.3831 658.3793 658.3747 658.3699 658.3651 658.3597 658.353 658.3444 658.334 658.3226 658.3116 658.3013 658.2912 658.2806 658.2695 658.2584 658.2476 658.2374 658.2273 658.2163 658.204 658.1909
657.8422 657.8907 657.9359 657.9784 658.0193 658.0585 658.0953 658.1288 658.1584 658.1853 658.2106 658.2349 658.257 658.2764 658.294 658.3107 658.3265 658.3408 658.3538 658.3652 658.3742 658.3804 658.3846 658.3876 658.3902 658.3925 658.3947 658.3959 658.395 658.3908 658.3838 658.3749 658.3654 658.3555 658.3461 658.3378 658.3314 658.3277 658.3262 658.3258 658.3254 658.3239 658.3212 658.3173 658.3129 658.3085 658.3038 658.2985 658.2917 658.2834 658.2743 658.2651 658.2562 658.2471 658.2372 658.2263 658.2147 658.2032 658.1924 658.1821 658.1718 658.1605 658.1484
657.7986 657.8459 657.8904 657.9329 657.9735 658.0125 658.0489 658.082 658.1115 658.1382 658.1636 658.1876 658.2093 658.2281 658.2449 658.2606 658.2755 658.2891 658.3015 658.3121 658.3203 658.3259 658.3296 658.3323 658.3348 658.3372 658.3391 658.3396 658.3376 658.3326 658.3252 658.3163 658.3067 658.2966 658.2868 658.2782 658.2717 658.2682 658.2671 658.2672 658.267 658.2659 658.2637 658.2604 658.2562 658.2519 658.2477 658.2436 658.2388 658.2328 658.2261 658.2189 658.2115 658.2034 658.1941 658.1833 658.1714 658.1591 658.1475 658.137 658.1273 658.1169 658.1056
657.7545 657.8007 657.8446 657.8867 657.9269 657.9651 658.0007 658.0332 658.0623 658.0889 658.1139 658.1374 658.1584 658.1768 658.1931 658.2082 658.2223 658.2354 658.247 658.2569 658.2643 658.2693 658.2727 658.2754 658.2781 658.2806 658.2822 658.282 658.2792 658.2736 658.2661 658.2575 658.2481 658.2383 658.2288 658.2205 658.2144 658.2111 658.2103 658.2105 658.2104 658.2094 658.2074 658.2043 658.2003 658.1961 658.1924 658.1893 658.186 658.1823 658.1778 658.1725 658.1663 658.1591 658.1503 658.1396 658.1273 658.1144 658.1022 658.0916 658.0822 658.0725 658.0619
657.7091 657.7548 657.7984 657.8401 657.8798 657.917 657.9517 657.9835 658.0121 658.038 658.0621 658.0846 658.1049 658.1229 658.1389 658.1533 658.1665 658.1786 658.1895 658.1987 658.2056 658.2104 658.2138 658.2168 658.2197 658.2221 658.2234 658.2228 658.2194 658.2135 658.2062 658.1981 658.1894 658.1804 658.1716 658.164 658.1584 658.1556 658.1549 658.1553 658.1553 658.1545 658.1526 658.1495 658.1456 658.1416 658.1384 658.1361 658.1342 658.1321 658.1293 658.1255 658.1205 658.1138 658.1052 658.0945 658.0821 658.069 658.0566 658.0459 658.0366 658.0274 658.0176
657.6624 657.7079 657.7515 657.793 657.832 657.8683 657.9019 657.9327 657.9606 657.9856 658.0085 658.0298 658.0494 658.0671 658.0827 658.0963 658.1082 658.1191 658.129 658.1376 658.1443 658.1492 658.1531 658.1566 658.1598 658.162 658.163 658.162 658.1584 658.1526 658.1456 658.1382 658.1306 658.1227 658.115 658.1081 658.1031 658.1006 658.1003 658.101 658.1016 658.1011 658.0994 658.0963 658.0925 658.0887 658.0858 658.0842 658.0834 658.0827 658.0812 658.0785 658.074 658.0676 658.0592 658.0485 658.0361 658.0231 658.0109 658.0003 657.9911 657.9824 657.9734
657.614 657.6597 657.7036 657.745 657.7833 657.8184 657.8506 657.8802 657.9071 657.9313 657.9532 657.9733 657.9922 658.0095 658.0247 658.0374 658.0481 658.0578 658.0667 658.0746 658.0811 658.0862 658.0907 658.0949 658.0986 658.101 658.1017 658.1006 658.097 658.0916 658.085 658.0783 658.0717 658.0649 658.058 658.0519 658.0475 658.0455 658.0458 658.0472 658.0485 658.0486 658.0471 658.0442 658.0406 658.0373 658.0349 658.0339 658.0341 658.0345 658.0341 658.0317 658.0274 658.0211 658.0129 658.0024 657.9902 657.9774 657.9656 657.9553 657.9464 657.9378 657.9294
657.564 657.6102 657.6544 657.6956 657.7328 657.7662 657.7968 657.8252 657.8512 657.8748 657.8961 657.9155 657.9336 657.9503 657.9648 657.9768 657.9869 657.9958 658.0038 658.0109 658.0169 658.0221 658.027 658.032 658.0366 658.0396 658.0406 658.0396 658.0363 658.0311 658.0249 658.0186 658.0125 658.0062 658 657.9946 657.991 657.9897 657.9909 657.9933 657.9954 657.9961 657.9949 657.9925 657.9894 657.9866 657.9849 657.9848 657.9861 657.9875 657.9877 657.9857 657.9813 657.975 657.967 657.957 657.945 657.9324 657.9208 657.9108 657.902 657.8936 657.8856
657.5127 657.5594 657.6038 657.6445 657.6804 657.7121 657.741 657.7683 657.7938 657.8171 657.838 657.8568 657.8741 657.8898 657.9036 657.9153 657.925 657.9335 657.9408 657.9471 657.9526 657.9578 657.9632 657.9689 657.9741 657.9778 657.9795 657.979 657.9762 657.9713 657.9652 657.9589 657.9526 657.9465 657.941 657.9366 657.934 657.9338 657.9359 657.9391 657.9419 657.9429 657.9422 657.9402 657.9379 657.9358 657.9351 657.9362 657.9387 657.9413 657.9422 657.9403 657.9359 657.9298 657.9222 657.9125 657.9008 657.8883 657.8768 657.8669 657.8583 657.8503 657.8427
657.4603 657.5074 657.5516 657.5914 657.6262 657.6566 657.6846 657.7112 657.7365 657.7594 657.7798 657.7981 657.8146 657.8294 657.8424 657.8535 657.8628 657.8708 657.8777 657.8836 657.8889 657.8941 657.8997 657.9057 657.9114 657.9157 657.9182 657.9185 657.9161 657.9114 657.9052 657.8986 657.8922 657.8865 657.8819 657.8787 657.8773 657.8782 657.8812 657.8851 657.8881 657.8892 657.8885 657.8868 657.8852 657.8842 657.8847 657.8873 657.8914 657.8951 657.8967 657.895 657.8907 657.8848 657.8776 657.8683 657.8568 657.8447 657.8334 657.824 657.816 657.8086 657.8017
657.4077 657.4546 657.498 657.5369 657.571 657.601 657.6287 657.6551 657.6799 657.7024 657.7223 657.7397 657.7553 657.769 657.7809 657.7912 657.8001 657.8079 657.8148 657.8207 657.8259 657.8311 657.8366 657.8426 657.8485 657.8534 657.8566 657.8576 657.8557 657.8512 657.8448 657.8382 657.8322 657.8273 657.8237 657.8215 657.821 657.8228 657.8265 657.831 657.8342 657.8351 657.8341 657.8324 657.8313 657.8314 657.8333 657.8374 657.843 657.8479 657.85 657.8484 657.8444 657.8388 657.832 657.8233 657.8125 657.8011 657.7908 657.7825 657.7755 657.7691 657.7631
657.3553 657.4017 657.4442 657.4821 657.5156 657.5457 657.5734 657.5996 657.6239 657.6457 657.6648 657.6815 657.6959 657.7082 657.7188 657.7281 657.7367 657.7447 657.752 657.7581 657.7632 657.7681 657.7734 657.7794 657.7857 657.7912 657.795 657.7965 657.795 657.7908 657.7849 657.7789 657.7737 657.7697 657.7665 657.7646 657.7645 657.7668 657.7713 657.7763 657.7798 657.7807 657.7793 657.7773 657.7766 657.7775 657.7808 657.7864 657.7933 657.7991 657.8018 657.8007 657.797 657.7919 657.7855 657.7774 657.7676 657.7576 657.7489 657.7421 657.7365 657.7314 657.7266
657.3033 657.3493 657.3909 657.428 657.4611 657.4908 657.5183 657.544 657.5676 657.5886 657.6069 657.6227 657.636 657.647 657.6563 657.6648 657.6732 657.6816 657.6895 657.6959 657.7008 657.7052 657.7103 657.7166 657.7233 657.7292 657.7333 657.7352 657.7343 657.7309 657.726 657.7211 657.7168 657.713 657.7094 657.707 657.7067 657.7094 657.7142 657.7196 657.7236 657.7248 657.7238 657.7222 657.722 657.7239 657.7281 657.7348 657.7426 657.7493 657.7529 657.7527 657.7496 657.7449 657.7388 657.7311 657.7225 657.7141 657.7071 657.702 657.6981 657.6947 657.6913
657.251 657.2969 657.3383 657.3749 657.4074 657.4365 657.4631 657.488 657.5108 657.5309 657.5485 657.5637 657.5764 657.5864 657.5947 657.6025 657.6109 657.6196 657.6278 657.6343 657.6391 657.6432 657.6481 657.6544 657.6612 657.6669 657.6709 657.6732 657.6733 657.6713 657.6678 657.6641 657.6604 657.6562 657.6517 657.6481 657.6473 657.6497 657.6545 657.6601 657.6645 657.6669 657.6674 657.6674 657.6684 657.6713 657.6765 657.6837 657.6921 657.6996 657.7043 657.7051 657.7028 657.6983 657.6924 657.6854 657.678 657.671 657.6656 657.6623 657.6604 657.6589 657.6572
