cis625dem.asc
ncols         350
nrows         225
xllcorner     81150.000000001
yllcorner     98150.000000001
cellsize      1
NODATA_value  -9999
[rows 112 to 139 of 225, columns 63 to 125 of 350]
651.5886 651.6495 651.7083 651.7662 651.8232 651.8789 651.9321 651.9821 652.0292 652.0735 652.1155 652.1554 652.1929 652.2276 652.2597 652.2903 652.3204 652.3512 652.3829 652.4156 652.4492 652.483 652.5159 652.5472 652.5771 652.6059 652.6341 652.662 652.6902 652.7183 652.7459 652.7723 652.7979 652.8228 652.8468 652.8694 652.8897 652.908 652.9253 652.943 652.9612 652.9793 652.997 653.0146 653.0324 653.0508 653.0698 653.0894 653.1091 653.1288 653.1483 653.1674 653.1856 653.2029 653.2197 653.2366 653.2527 653.2669 653.2797 653.2929 653.308 653.325 653.3429
651.5366 651.5967 651.655 651.7125 651.7694 651.8248 651.8774 651.9267 651.9727 652.0161 652.0571 652.0959 652.1323 652.1661 652.1976 652.228 652.2584 652.2899 652.3224 652.3559 652.3898 652.4236 652.4564 652.4877 652.5178 652.5469 652.5751 652.603 652.6306 652.6581 652.6852 652.7114 652.7366 652.7608 652.7841 652.806 652.8259 652.8438 652.8605 652.8774 652.8946 652.9117 652.9281 652.9442 652.9603 652.9767 652.9935 653.0109 653.0288 653.0468 653.065 653.083 653.1003 653.1166 653.1324 653.1482 653.1632 653.1766 653.189 653.202 653.2169 653.2337 653.2515
651.4838 651.5432 651.6011 651.6586 651.7155 651.7711 651.8238 651.8728 651.9183 651.9607 652.0005 652.038 652.0732 652.1061 652.1372 652.1674 652.1978 652.2296 652.2626 652.2965 652.3307 652.3642 652.3965 652.4276 652.4579 652.4877 652.5165 652.5446 652.5721 652.5992 652.6257 652.6513 652.6757 652.699 652.7212 652.7422 652.7615 652.7789 652.795 652.8109 652.827 652.8428 652.8577 652.8722 652.8864 652.9006 652.915 652.9298 652.9453 652.9614 652.9783 652.9952 653.0117 653.0272 653.0422 653.0568 653.0707 653.0834 653.0958 653.1091 653.1241 653.1408 653.1584
651.4309 651.4898 651.5475 651.605 651.6621 651.7178 651.7707 651.8198 651.8648 651.9063 651.945 651.9811 652.0151 652.0472 652.0778 652.1076 652.1379 652.1697 652.2028 652.2369 652.271 652.3041 652.3358 652.3668 652.3974 652.4276 652.457 652.4854 652.5131 652.5399 652.5659 652.5906 652.614 652.636 652.6572 652.6772 652.6959 652.7126 652.7278 652.7424 652.7571 652.7715 652.785 652.7977 652.8097 652.8215 652.8336 652.8459 652.8591 652.8732 652.8884 652.9043 652.9199 652.9349 652.9492 652.9627 652.9754 652.9876 653.0003 653.0141 653.0294 653.0461 653.0639
651.3788 651.4374 651.4951 651.5526 651.6095 651.6648 651.7174 651.7662 651.811 651.8518 651.8895 651.9245 651.9575 651.9888 652.0188 652.0483 652.0784 652.1099 652.1428 652.1766 652.2101 652.2427 652.2742 652.3052 652.3361 652.3665 652.3959 652.4243 652.4518 652.4785 652.504 652.5278 652.5499 652.5709 652.5911 652.6104 652.6282 652.6441 652.6581 652.6712 652.6841 652.6969 652.709 652.72 652.73 652.7394 652.749 652.7592 652.7703 652.7826 652.7963 652.8109 652.8257 652.8401 652.8535 652.866 652.8777 652.8896 652.9026 652.9171 652.9327 652.9496 652.9677
651.3281 651.3865 651.444 651.5012 651.5574 651.6117 651.6633 651.7115 651.7559 651.7965 651.8336 651.8679 651.9001 651.9307 651.9603 651.9894 652.0192 652.05 652.0823 652.1153 652.1483 652.1804 652.2116 652.2424 652.2731 652.3032 652.3324 652.3604 652.3876 652.4139 652.4387 652.4615 652.4826 652.5027 652.5221 652.5405 652.5573 652.5721 652.585 652.5966 652.6078 652.619 652.6296 652.639 652.6471 652.6543 652.6616 652.6699 652.6794 652.6901 652.7023 652.7156 652.7295 652.7428 652.7551 652.7665 652.7775 652.7894 652.8028 652.8177 652.8339 652.851 652.8696
651.2783 651.3369 651.3942 651.4507 651.5057 651.5585 651.6086 651.6559 651.7 651.7404 651.7774 651.8113 651.843 651.8729 651.9018 651.9304 651.9595 651.9896 652.0209 652.053 652.0851 652.1166 652.1472 652.1774 652.2074 652.2371 652.2658 652.2935 652.3201 652.3456 652.3696 652.3917 652.4119 652.4311 652.4496 652.4668 652.4822 652.4955 652.5073 652.5179 652.528 652.5375 652.5464 652.5543 652.5609 652.5663 652.5717 652.5781 652.5861 652.5955 652.6061 652.6179 652.6304 652.6424 652.6534 652.6639 652.6748 652.6869 652.7007 652.7161 652.7327 652.7504 652.7696
651.2294 651.288 651.3453 651.4009 651.4545 651.5057 651.5543 651.6003 651.6437 651.684 651.7208 651.7545 651.7857 651.8149 651.8429 651.8705 651.8987 651.928 651.9582 651.9891 652.0201 652.0505 652.08 652.1092 652.1384 652.1675 652.1958 652.223 652.249 652.2737 652.2969 652.3183 652.338 652.3562 652.3734 652.3892 652.4029 652.4147 652.4251 652.4346 652.4434 652.4515 652.459 652.4656 652.471 652.4752 652.4788 652.4835 652.4899 652.4979 652.5067 652.5166 652.5274 652.5381 652.5483 652.5584 652.5695 652.5823 652.5968 652.6127 652.6299 652.6481 652.6681
651.1808 651.2394 651.2963 651.3513 651.4037 651.4534 651.5006 651.5455 651.5879 651.6275 651.6639 651.6973 651.728 651.7563 651.783 651.8093 651.8365 651.8648 651.8939 651.9235 651.9529 651.9817 652.0099 652.0381 652.0667 652.0952 652.1229 652.1494 652.1747 652.1985 652.2208 652.2416 652.2606 652.2778 652.2934 652.3074 652.3196 652.3299 652.3386 652.3464 652.3537 652.3605 652.3668 652.3724 652.3768 652.3799 652.3823 652.3854 652.3903 652.3967 652.4037 652.4117 652.421 652.4307 652.4405 652.4508 652.4625 652.4761 652.4914 652.5082 652.5261 652.545 652.5659
651.1326 651.1907 651.2473 651.3017 651.3533 651.402 651.448 651.4916 651.5328 651.5713 651.6068 651.6395 651.6695 651.6967 651.7219 651.7469 651.7729 651.8003 651.8282 651.8562 651.8837 651.9107 651.9377 651.9652 651.9932 652.021 652.0479 652.0737 652.098 652.1208 652.1422 652.1621 652.1801 652.196 652.2098 652.2219 652.2323 652.241 652.248 652.2539 652.2596 652.2652 652.2704 652.2748 652.2781 652.2803 652.2819 652.2839 652.2875 652.2925 652.2982 652.3048 652.3127 652.3218 652.3315 652.3422 652.3544 652.3685 652.3848 652.4026 652.4214 652.4414 652.4633
651.0847 651.142 651.198 651.2517 651.3027 651.3507 651.3959 651.4384 651.4781 651.515 651.5491 651.5807 651.6097 651.6357 651.6597 651.6835 651.7087 651.7352 651.7621 651.7884 651.8139 651.8391 651.8647 651.8913 651.9183 651.9451 651.9712 651.9961 652.0195 652.0413 652.0616 652.0804 652.097 652.1111 652.1229 652.1326 652.1407 652.1475 652.1528 652.1572 652.1614 652.166 652.1702 652.1737 652.1762 652.1777 652.1786 652.1799 652.1825 652.1865 652.1915 652.1972 652.2042 652.2125 652.222 652.2329 652.2454 652.2599 652.277 652.296 652.3163 652.3376 652.3608
651.0367 651.0931 651.1483 651.2012 651.2514 651.2987 651.3431 651.3846 651.423 651.4584 651.4908 651.5209 651.5486 651.5737 651.5968 651.6198 651.6442 651.67 651.696 651.7209 651.7446 651.7679 651.7917 651.8166 651.8419 651.8671 651.8918 651.9159 651.9386 651.9597 651.9789 651.9965 652.0116 652.0239 652.0333 652.0403 652.0458 652.0502 652.0539 652.0569 652.0599 652.0635 652.0673 652.0705 652.0726 652.0737 652.074 652.0745 652.0763 652.0798 652.0843 652.0895 652.0955 652.1029 652.1121 652.1229 652.1357 652.1508 652.1685 652.1887 652.2106 652.2338 652.2585
650.9882 651.0435 651.0975 651.1494 651.1985 651.2448 651.2884 651.329 651.3663 651.4004 651.4315 651.4603 651.4869 651.5113 651.5338 651.556 651.5796 651.6046 651.6297 651.6534 651.6754 651.6967 651.7184 651.7408 651.7636 651.7864 651.8093 651.8322 651.8541 651.8745 651.8929 651.9092 651.9229 651.9337 651.9411 651.9457 651.9486 651.9509 651.9529 651.9545 651.9564 651.9592 651.9626 651.9658 651.968 651.9689 651.9686 651.9685 651.9697 651.9729 651.9772 651.9818 651.9869 651.9933 652.002 652.0128 652.0261 652.0419 652.0605 652.0818 652.1052 652.13 652.156
650.9387 650.9926 651.0452 651.0955 651.1432 651.1884 651.2311 651.271 651.3076 651.3408 651.371 651.399 651.4251 651.449 651.471 651.4923 651.5146 651.5382 651.562 651.5843 651.6049 651.6243 651.6437 651.6635 651.6834 651.7035 651.7241 651.7451 651.7658 651.7852 651.8023 651.8172 651.8297 651.8393 651.8455 651.8487 651.8501 651.851 651.8516 651.8519 651.8527 651.8543 651.8569 651.8596 651.8618 651.8625 651.8621 651.8618 651.863 651.8662 651.8702 651.8743 651.8787 651.8842 651.8923 651.9033 651.9173 651.934 651.9536 651.976 652.0005 652.0265 652.0533
650.8879 650.9403 650.9911 651.0398 651.0859 651.1299 651.1719 651.2112 651.2473 651.28 651.3097 651.3374 651.3632 651.3868 651.408 651.4282 651.4487 651.4703 651.4921 651.5129 651.532 651.5498 651.5671 651.5844 651.6016 651.6191 651.6371 651.6558 651.6743 651.6917 651.7069 651.72 651.7309 651.7396 651.7454 651.7484 651.7498 651.7504 651.7506 651.7502 651.7496 651.7495 651.7502 651.7515 651.7528 651.7534 651.7531 651.7533 651.7552 651.7588 651.7629 651.7669 651.7709 651.7761 651.784 651.7953 651.8099 651.8275 651.848 651.8713 651.8969 651.9235 651.9511
650.8356 650.8863 650.9354 650.9824 651.0273 651.0706 651.112 651.1508 651.1862 651.2185 651.2481 651.2756 651.301 651.3237 651.344 651.3627 651.3813 651.4006 651.4203 651.4391 651.4565 651.4727 651.4881 651.5032 651.5184 651.5335 651.5489 651.5646 651.5802 651.5949 651.6075 651.618 651.627 651.6345 651.6401 651.6437 651.6461 651.6476 651.6483 651.6478 651.6461 651.6439 651.6422 651.6414 651.6414 651.6415 651.6417 651.6426 651.6453 651.6495 651.6542 651.6588 651.6632 651.6689 651.6773 651.6891 651.704 651.7222 651.7435 651.7677 651.794 651.8215 651.85
650.7812 650.8304 650.8781 650.924 650.9682 651.0109 651.0518 651.0898 651.1246 651.1566 651.186 651.2131 651.2377 651.2594 651.2784 651.2956 651.3123 651.3294 651.3466 651.3629 651.3783 651.3928 651.4067 651.42 651.4332 651.4461 651.4587 651.4713 651.4837 651.4954 651.5051 651.513 651.5197 651.5257 651.5308 651.5347 651.5379 651.5404 651.5418 651.5416 651.5394 651.5359 651.5324 651.5298 651.5284 651.5281 651.5286 651.5304 651.5337 651.5385 651.544 651.5495 651.5552 651.5623 651.5717 651.584 651.5994 651.6178 651.6397 651.6648 651.692 651.7206 651.7506
650.7245 650.7727 650.8194 650.8646 650.9081 650.9504 650.9905 651.0276 651.0618 651.0933 651.1223 651.1487 651.1724 651.193 651.2108 651.2265 651.2415 651.2564 651.2709 651.2847 651.2977 651.3106 651.3231 651.335 651.3461 651.3567 651.3664 651.3755 651.3846 651.3934 651.4006 651.4061 651.4105 651.4149 651.4189 651.4223 651.4252 651.4278 651.4296 651.4298 651.4278 651.4243 651.4203 651.4172 651.4152 651.4145 651.4153 651.4175 651.4213 651.4267 651.433 651.4399 651.4472 651.4558 651.4666 651.4797 651.4955 651.5145 651.5372 651.5634 651.5919 651.622 651.6539
650.6659 650.7134 650.7595 650.804 650.8467 650.8878 650.9266 650.9628 650.9963 651.0272 651.0556 651.0811 651.1036 651.1233 651.14 651.1544 651.1678 651.1808 651.1931 651.2043 651.2153 651.2267 651.2378 651.2479 651.257 651.2651 651.272 651.278 651.2838 651.2896 651.2942 651.2974 651.3 651.3028 651.3055 651.3076 651.3094 651.3112 651.3129 651.3135 651.3123 651.3095 651.3065 651.3038 651.302 651.3014 651.3023 651.3049 651.3091 651.3151 651.3223 651.3305 651.3395 651.3498 651.3619 651.3762 651.393 651.4131 651.4371 651.4647 651.4947 651.5264 651.5603
650.6064 650.6532 650.6985 650.7421 650.7834 650.8226 650.8596 650.8944 650.9269 650.957 650.9844 651.0089 651.0303 651.0488 651.0645 651.0779 651.09 651.1015 651.1121 651.1218 651.1312 651.1409 651.1503 651.1586 651.1656 651.1713 651.1756 651.1789 651.1817 651.1843 651.1863 651.1876 651.1885 651.1898 651.1909 651.1915 651.192 651.1929 651.1943 651.1953 651.1951 651.1937 651.192 651.1904 651.1893 651.1889 651.1901 651.1931 651.1978 651.2044 651.2127 651.2223 651.233 651.2449 651.2585 651.2741 651.2925 651.3143 651.34 651.369 651.4005 651.4339 651.4695
650.5467 650.5925 650.6367 650.6788 650.7183 650.7549 650.7894 650.8224 650.8536 650.8823 650.9084 650.9316 650.9517 650.9689 650.9837 650.9963 651.0075 651.0179 651.0277 651.0365 651.0446 651.0526 651.0601 651.0665 651.0714 651.0749 651.0771 651.0784 651.0787 651.0787 651.0782 651.0775 651.0768 651.0764 651.0759 651.0751 651.0745 651.0748 651.0759 651.0775 651.0784 651.0787 651.0786 651.0782 651.0778 651.0779 651.0795 651.0829 651.0883 651.0957 651.1051 651.1161 651.1283 651.1417 651.1567 651.1739 651.1942 651.2179 651.2451 651.2755 651.3083 651.3433 651.3802
650.4868 650.5312 650.5738 650.6143 650.6516 650.6855 650.7173 650.7479 650.777 650.8038 650.8282 650.8497 650.8682 650.8842 650.898 650.91 650.9206 650.9305 650.9398 650.9479 650.9548 650.961 650.9667 650.9713 650.9744 650.9762 650.9769 650.9766 650.9753 650.9734 650.9709 650.9684 650.9659 650.9638 650.9618 650.9599 650.9586 650.9584 650.9595 650.9614 650.9635 650.9655 650.967 650.9677 650.9682 650.969 650.9712 650.9752 650.9813 650.9896 651 651.012 651.0255 651.0403 651.0567 651.0754 651.0974 651.1228 651.1515 651.1831 651.2173 651.2535 651.2916
650.4262 650.4688 650.5096 650.548 650.583 650.6145 650.6438 650.6718 650.6982 650.7227 650.7449 650.7645 650.7814 650.796 650.8088 650.8203 650.8304 650.8399 650.8486 650.856 650.8618 650.8664 650.8704 650.8734 650.8751 650.8759 650.8757 650.8745 650.8722 650.869 650.8651 650.861 650.857 650.8533 650.8499 650.8471 650.8453 650.845 650.846 650.8481 650.8511 650.8544 650.8572 650.859 650.8605 650.8621 650.8651 650.8697 650.8765 650.8858 650.8971 650.9102 650.9248 650.9409 650.9585 650.9785 651.0018 651.0286 651.0587 651.0916 651.1269 651.1642 651.2035
650.3635 650.4041 650.4429 650.4791 650.5119 650.5414 650.5687 650.5942 650.618 650.6398 650.6596 650.6771 650.6924 650.7059 650.7179 650.7287 650.7383 650.7472 650.755 650.7612 650.7655 650.7686 650.7708 650.7723 650.7734 650.7739 650.7736 650.7721 650.7693 650.7654 650.7605 650.7552 650.75 650.745 650.7405 650.737 650.7349 650.7344 650.7355 650.7378 650.7412 650.7451 650.7488 650.7516 650.7541 650.7567 650.7601 650.7653 650.7728 650.783 650.7955 650.8099 650.8259 650.8434 650.8623 650.8833 650.9075 650.9355 650.9667 651.0007 651.0372 651.0757 651.1164
650.2979 650.3364 650.3729 650.4067 650.4373 650.4651 650.4907 650.5143 650.5358 650.5551 650.5723 650.5878 650.6019 650.6146 650.626 650.6361 650.6451 650.6529 650.6592 650.6636 650.6661 650.6674 650.668 650.6685 650.6691 650.6696 650.6696 650.6684 650.6658 650.6618 650.6567 650.6509 650.6449 650.639 650.6334 650.6291 650.6264 650.6257 650.6269 650.6295 650.6332 650.6375 650.6417 650.6454 650.6487 650.652 650.6559 650.6614 650.6696 650.6809 650.6946 650.7107 650.7285 650.7476 650.7678 650.7897 650.8148 650.8434 650.8757 650.9109 650.9488 650.9888 651.0308
650.2292 650.2654 650.2994 650.3304 650.3586 650.3846 650.4088 650.4309 650.4507 650.4678 650.4828 650.4968 650.5099 650.5219 650.5327 650.5423 650.5504 650.5566 650.5609 650.5632 650.5639 650.5636 650.5629 650.5623 650.5622 650.5627 650.563 650.5624 650.5604 650.557 650.5524 650.5469 650.5406 650.5339 650.5276 650.5224 650.519 650.5179 650.5189 650.5219 650.5261 650.5308 650.5355 650.5399 650.5441 650.5481 650.5524 650.5585 650.5674 650.5798 650.5948 650.6123 650.6319 650.6528 650.6746 650.6978 650.7236 650.7529 650.7859 650.8222 650.8614 650.9028 650.946
650.1577 650.1915 650.2226 650.2509 650.2766 650.3007 650.3233 650.3441 650.3622 650.3776 650.3911 650.4039 650.416 650.4269 650.4368 650.4456 650.4527 650.4576 650.4602 650.4609 650.46 650.4583 650.4562 650.4545 650.4537 650.4538 650.4543 650.4543 650.4531 650.4506 650.4467 650.4415 650.4354 650.4284 650.4216 650.4157 650.4117 650.41 650.4108 650.414 650.4187 650.4241 650.4296 650.4349 650.4401 650.4451 650.4503 650.4572 650.4671 650.4804 650.4965 650.5149 650.5356 650.5583 650.582 650.6068 650.6338 650.6639 650.6974 650.7345 650.7745 650.8169 650.861
650.0834 650.1148 650.1432 650.1688 650.1921 650.2142 650.2352 650.2545 650.2709 650.2847 650.297 650.3087 650.3194 650.3287 650.3371 650.3447 650.351 650.3554 650.3578 650.3579 650.3558 650.3523 650.3486 650.3455 650.3436 650.3431 650.3436 650.3441 650.3439 650.3423 650.3391 650.3341 650.3278 650.3207 650.3137 650.3077 650.3034 650.3014 650.3021 650.3052 650.3104 650.3167 650.3232 650.3298 650.3365 650.3429 650.3495 650.3576 650.3685 650.3828 650.3995 650.4184 650.4399 650.4638 650.4893 650.5161 650.5445 650.5757 650.6099 650.6473 650.6877 650.7306 650.7752
