cis625dem.asc
ncols         350
nrows         225
xllcorner     81150.000000001
yllcorner     98150.000000001
cellsize      1
NODATA_value  -9999
[rows 28 to 55 of 225, columns 63 to 125 of 350]
651.1702 651.2778 651.387 651.4993 651.6158 651.7358 651.8572 651.9784 652.0994 652.221 652.3431 652.4653 652.5877 652.7106 652.8347 652.9599 653.0862 653.2132 653.3408 653.4686 653.597 653.7267 653.857 653.9856 654.1103 654.2311 654.3498 654.4683 654.5879 654.7092 654.8323 654.9564 655.0803 655.2025 655.3231 655.4431 655.5639 655.6859 655.808 655.9283 656.0454 656.1598 656.2731 656.3868 656.5015 656.6163 656.7302 656.843 656.955 657.0668 657.1791 657.2913 657.402 657.5096 657.6141 657.7154 657.812 657.9029 657.9882 658.0682 658.1423 658.2104 658.2733
651.1826 651.2902 651.3992 651.5116 651.6286 651.7492 651.8709 651.9917 652.1115 652.231 652.3506 652.4708 652.5917 652.7136 652.8364 652.9601 653.0848 653.2102 653.336 653.462 653.5886 653.7162 653.8441 653.9702 654.093 654.2127 654.3312 654.4498 654.5693 654.6909 654.815 654.9406 655.0657 655.1894 655.3115 655.4328 655.5541 655.6755 655.7962 655.9147 656.0301 656.1436 656.2571 656.3724 656.4891 656.6057 656.7211 656.8349 656.9473 657.0588 657.17 657.2806 657.3893 657.4949 657.5975 657.6972 657.7924 657.8817 657.9653 658.0437 658.1166 658.1837 658.2455
651.1958 651.3035 651.4127 651.5251 651.6422 651.7627 651.8842 652.0045 652.123 652.2408 652.3583 652.4764 652.5958 652.7164 652.838 652.9605 653.0838 653.2075 653.3314 653.4554 653.58 653.7054 653.8309 653.9547 654.0756 654.1945 654.3127 654.4312 654.5507 654.673 654.7983 654.9254 655.0519 655.177 655.3004 655.4225 655.5436 655.6638 655.7826 655.8992 656.0134 656.1266 656.2411 656.3579 656.4763 656.5944 656.7108 656.8256 656.9387 657.0504 657.1607 657.2697 657.3762 657.4792 657.5797 657.6773 657.7706 657.8582 657.9401 658.0172 658.0893 658.1561 658.2179
651.21 651.3181 651.4276 651.54 651.6564 651.7761 651.8968 652.0162 652.1335 652.2498 652.3657 652.4821 652.5999 652.7193 652.8398 652.961 653.0828 653.2048 653.3267 653.4485 653.5709 653.6941 653.8174 653.9393 654.0587 654.1766 654.2944 654.4126 654.5325 654.6558 654.7827 654.9112 655.0391 655.1653 655.2895 655.4114 655.5314 655.6501 655.7675 655.8829 655.9965 656.11 656.2256 656.3438 656.4634 656.5826 656.7001 656.8156 656.9292 657.041 657.1508 657.2581 657.3623 657.4631 657.5611 657.6564 657.7475 657.8334 657.9141 657.9905 658.0623 658.1292 658.1911
651.2253 651.334 651.444 651.5562 651.6714 651.7895 651.9084 652.0264 652.1427 652.2578 652.3727 652.488 652.6046 652.7227 652.8418 652.9615 653.0814 653.2014 653.3211 653.4407 653.5609 653.6822 653.8037 653.9238 654.0419 654.1591 654.2765 654.3948 654.5154 654.64 654.7685 654.8983 655.0272 655.1541 655.2782 655.3991 655.5176 655.635 655.7514 655.8663 655.98 656.0941 656.2104 656.3295 656.4504 656.5709 656.6895 656.8055 656.9191 657.0306 657.1397 657.2455 657.3477 657.4464 657.5424 657.6354 657.7242 657.8087 657.8889 657.965 658.0367 658.1035 658.1651
651.2418 651.3516 651.462 651.5736 651.6871 651.8026 651.9191 652.0353 652.1506 652.2651 652.3795 652.4943 652.61 652.7269 652.8444 652.962 653.0797 653.1973 653.3148 653.4322 653.5505 653.67 653.7899 653.9086 654.0259 654.1426 654.26 654.3788 654.5004 654.6264 654.7559 654.8865 655.0157 655.1425 655.2659 655.3856 655.503 655.6195 655.7354 655.8502 655.9641 656.0785 656.1954 656.3155 656.4376 656.5594 656.6791 656.7953 656.9084 657.0193 657.1274 657.2317 657.3318 657.4288 657.5232 657.6144 657.7016 657.7848 657.8644 657.9403 658.0116 658.0778 658.1387
651.2592 651.3702 651.4811 651.5919 651.7031 651.8156 651.9294 652.0436 652.1577 652.272 652.3864 652.5009 652.6161 652.7319 652.8475 652.9627 653.0779 653.1931 653.3083 653.4238 653.5403 653.6583 653.7767 653.8945 654.0114 654.1282 654.246 654.3656 654.4886 654.6157 654.7457 654.876 655.0047 655.1304 655.2526 655.3713 655.488 655.6042 655.72 655.835 655.949 656.0638 656.1812 656.3019 656.4249 656.5479 656.6683 656.7847 656.897 657.0065 657.1132 657.2158 657.3141 657.4095 657.5028 657.593 657.6791 657.7612 657.8401 657.9155 657.9858 658.0508 658.111
651.2767 651.3888 651.5 651.6098 651.7189 651.8288 651.9398 652.0519 652.165 652.279 652.3934 652.5078 652.6224 652.7369 652.8508 652.9638 653.0765 653.1894 653.3024 653.4161 653.5313 653.6478 653.765 653.8821 653.9992 654.1166 654.2349 654.3556 654.4799 654.608 654.738 654.8674 654.9946 655.1187 655.2391 655.3567 655.4731 655.5894 655.7054 655.8207 655.9353 656.0506 656.1683 656.2892 656.4125 656.5359 656.6566 656.7727 656.884 656.9915 657.0959 657.1967 657.2937 657.3879 657.4804 657.5699 657.6554 657.7368 657.8149 657.8893 657.9587 658.0227 658.0819
651.2934 651.406 651.5173 651.6264 651.7341 651.842 651.9509 652.0613 652.1733 652.2868 652.4009 652.515 652.6288 652.7418 652.8538 652.9648 653.0754 653.186 653.2971 653.4092 653.5231 653.6384 653.7546 653.8716 653.9892 654.1075 654.2267 654.3484 654.4738 654.6023 654.7319 654.8601 654.9857 655.1079 655.2266 655.3431 655.459 655.5754 655.6917 655.8076 655.9231 656.0392 656.1572 656.2776 656.4001 656.5229 656.6434 656.7589 656.8685 656.9734 657.0751 657.1741 657.27 657.3635 657.4552 657.5443 657.6294 657.7104 657.7878 657.8615 657.9303 657.9937 658.052
651.3088 651.4212 651.5322 651.6411 651.7481 651.8549 651.9625 652.0718 652.1829 652.2955 652.4091 652.5225 652.6351 652.7463 652.856 652.9648 653.0734 653.1822 653.2917 653.4026 653.5155 653.6299 653.7455 653.8625 653.9808 654.1002 654.2205 654.343 654.4688 654.5973 654.726 654.8528 654.9771 655.0981 655.2159 655.3317 655.4471 655.5632 655.6796 655.7959 655.9124 656.0293 656.1473 656.2667 656.3876 656.5092 656.6286 656.7427 656.8502 656.9523 657.0516 657.1488 657.2438 657.3367 657.4276 657.5159 657.6006 657.6815 657.7585 657.8317 657.9001 657.9633 658.021
651.3229 651.4346 651.545 651.6537 651.7607 651.8673 651.9745 652.0831 652.1933 652.3049 652.4175 652.5298 652.6409 652.7499 652.8571 652.9635 653.0702 653.1777 653.2863 653.3962 653.5083 653.6221 653.7375 653.8548 653.9739 654.0945 654.2158 654.3388 654.4645 654.5921 654.7194 654.8447 654.968 655.0887 655.2067 655.3228 655.4381 655.5537 655.6698 655.7863 655.9031 656.0204 656.1379 656.256 656.3751 656.4948 656.6124 656.7244 656.8295 656.9294 657.0268 657.1226 657.2164 657.3084 657.3983 657.4855 657.5695 657.65 657.7267 657.7993 657.8673 657.9302 657.9878
651.3362 651.447 651.5566 651.6652 651.7726 651.8795 651.9869 652.0951 652.2043 652.3147 652.4258 652.5366 652.6457 652.7524 652.8571 652.9612 653.0663 653.173 653.2811 653.3906 653.5021 653.6157 653.7313 653.8489 653.9688 654.0902 654.2124 654.3355 654.4604 654.5865 654.712 654.8358 654.9582 655.0792 655.1982 655.3152 655.4311 655.5466 655.6622 655.7785 655.8952 656.012 656.1286 656.2452 656.3625 656.48 656.5952 656.7046 656.8072 656.9053 657.0013 657.0957 657.1884 657.2794 657.368 657.4539 657.5369 657.6167 657.6927 657.7645 657.8317 657.8942 657.9519
651.3489 651.4587 651.5679 651.6762 651.7841 651.8918 651.9995 652.1075 652.2159 652.3246 652.4336 652.5421 652.6489 652.7534 652.856 652.9581 653.062 653.1684 653.2767 653.3863 653.4976 653.6112 653.7271 653.8451 653.9655 654.0875 654.21 654.3328 654.4563 654.5804 654.704 654.8264 654.9481 655.0692 655.1895 655.3079 655.4247 655.5404 655.6559 655.7719 655.8881 656.004 656.1191 656.2342 656.3497 656.465 656.5773 656.6836 656.7838 656.88 656.9744 657.0674 657.1589 657.2488 657.3365 657.4214 657.5034 657.5825 657.6578 657.7285 657.7945 657.8561 657.9138
651.3616 651.4706 651.5792 651.6874 651.7957 651.9041 652.0123 652.1202 652.2274 652.3341 652.4402 652.5458 652.6501 652.7527 652.8538 652.9548 653.0579 653.1642 653.2729 653.3831 653.4949 653.6088 653.725 653.8436 653.9643 654.0864 654.2084 654.33 654.4517 654.5738 654.6957 654.817 654.938 655.0594 655.1804 655.3002 655.418 655.5342 655.6498 655.7653 655.8808 655.9954 656.1091 656.2226 656.3363 656.449 656.558 656.6613 656.759 656.8532 656.9458 657.0373 657.1276 657.2167 657.3038 657.3882 657.4697 657.5482 657.6224 657.6917 657.7562 657.8167 657.8737
651.3746 651.4828 651.5911 651.6993 651.8078 651.9165 652.0248 652.132 652.2379 652.3422 652.4454 652.5479 652.6498 652.7509 652.851 652.9517 653.0546 653.1611 653.2703 653.3813 653.4938 653.6082 653.7248 653.8438 653.9647 654.0865 654.2075 654.3275 654.4473 654.5676 654.6883 654.8087 654.9293 655.0505 655.1718 655.2921 655.4108 655.5275 655.6432 655.7582 655.8726 655.9857 656.0979 656.2099 656.3217 656.4315 656.537 656.6371 656.7325 656.825 656.916 657.006 657.0953 657.1837 657.2701 657.3542 657.4355 657.5132 657.5861 657.6537 657.7168 657.7761 657.8323
651.3887 651.4962 651.604 651.7119 651.8201 651.9285 652.0362 652.1425 652.2465 652.3485 652.4492 652.5493 652.6492 652.7491 652.8489 652.9499 653.0532 653.1599 653.2695 653.3809 653.4938 653.6087 653.7258 653.8452 653.9661 654.0874 654.2075 654.3259 654.4439 654.5627 654.6822 654.802 654.9222 655.043 655.1638 655.2841 655.403 655.52 655.6355 655.7498 655.8629 655.9745 656.0853 656.1957 656.3054 656.4121 656.514 656.611 656.7043 656.7955 656.8853 656.9745 657.0632 657.1508 657.2365 657.3199 657.4006 657.4773 657.5487 657.6148 657.6766 657.7349 657.7902
651.4041 651.5109 651.618 651.725 651.8323 651.9397 652.0465 652.1516 652.2538 652.3537 652.4522 652.5506 652.6495 652.7488 652.8488 652.9503 653.0541 653.1609 653.2705 653.382 653.4952 653.6104 653.7278 653.8473 653.968 654.0887 654.2078 654.3251 654.4418 654.5591 654.6774 654.7965 654.9164 655.0366 655.1566 655.276 655.3942 655.5107 655.6257 655.7393 655.8514 655.9618 656.071 656.1797 656.2867 656.3902 656.4888 656.583 656.6746 656.7648 656.8542 656.9432 657.0314 657.1182 657.2029 657.2852 657.3647 657.4399 657.5099 657.575 657.636 657.6937 657.7479
651.4205 651.5267 651.6326 651.738 651.8438 651.9501 652.0558 652.1595 652.2601 652.3583 652.4552 652.5526 652.6509 652.7502 652.8506 652.9527 653.0568 653.1636 653.273 653.3846 653.4981 653.6135 653.7309 653.85 653.9699 654.0896 654.2078 654.3245 654.4403 654.5563 654.6733 654.7917 654.9111 655.0308 655.1497 655.2675 655.384 655.4992 655.6133 655.7264 655.8378 655.9471 656.0547 656.1609 656.2649 656.3652 656.4611 656.5536 656.6443 656.7343 656.8236 656.9124 657.0001 657.0859 657.1693 657.2502 657.3278 657.4012 657.4698 657.534 657.5945 657.6516 657.705
651.4375 651.5425 651.6467 651.7502 651.8543 651.9593 652.0637 652.166 652.2651 652.3619 652.4578 652.5544 652.6528 652.7525 652.8535 652.9561 653.0604 653.1671 653.2766 653.3884 653.5023 653.6179 653.7351 653.8534 653.9719 654.0903 654.2076 654.3237 654.439 654.5541 654.6699 654.7874 654.9061 655.0249 655.1425 655.2582 655.3726 655.486 655.5989 655.711 655.8216 655.9299 656.0356 656.139 656.2397 656.3373 656.4315 656.5234 656.6144 656.7047 656.7943 656.8824 656.9689 657.0532 657.1351 657.2144 657.2901 657.3614 657.4282 657.4914 657.5513 657.6077 657.6604
651.4539 651.5572 651.6595 651.7612 651.8634 651.9666 652.0695 652.1702 652.2681 652.3638 652.4592 652.5556 652.6541 652.7543 652.8561 652.9592 653.064 653.171 653.2809 653.3932 653.5076 653.6234 653.7402 653.8574 653.9744 654.0911 654.2073 654.3229 654.4378 654.5522 654.6672 654.7834 654.9009 655.0184 655.1342 655.2479 655.3602 655.4716 655.5829 655.6935 655.8027 655.9095 656.0134 656.1143 656.2123 656.3077 656.401 656.4932 656.585 656.6761 656.7656 656.8528 656.9375 657.0198 657.0997 657.1771 657.2507 657.3199 657.3849 657.4468 657.5059 657.5618 657.6139
651.4686 651.5703 651.6708 651.7705 651.8708 651.9722 652.0731 652.1722 652.2689 652.364 652.4591 652.5558 652.6548 652.7559 652.8583 652.9622 653.0676 653.1752 653.2857 653.3986 653.5133 653.6292 653.7455 653.8615 653.9766 654.0916 654.2066 654.3216 654.4362 654.5502 654.6644 654.7794 654.8953 655.0108 655.1246 655.2365 655.3469 655.4564 655.5654 655.6738 655.781 655.8862 655.9883 656.0873 656.1833 656.2774 656.3705 656.4634 656.5561 656.6475 656.7366 656.8224 656.9052 656.9851 657.0627 657.1378 657.2092 657.2763 657.3397 657.4005 657.4587 657.5139 657.5657
651.4818 651.582 651.6808 651.7788 651.8771 651.9764 652.0754 652.1729 652.2686 652.3635 652.4589 652.5562 652.6561 652.758 652.8613 652.9659 653.072 653.1801 653.2906 653.4036 653.5184 653.634 653.7495 653.864 653.9775 654.0911 654.205 654.3193 654.4336 654.5473 654.6608 654.7747 654.8889 655.0023 655.1141 655.2242 655.3328 655.4401 655.5464 655.652 655.7569 655.8603 655.9612 656.0588 656.1537 656.2472 656.3405 656.434 656.5272 656.6184 656.7064 656.7906 656.8712 656.9489 657.024 657.0964 657.1654 657.2305 657.2925 657.3522 657.4095 657.4642 657.5156
651.4941 651.5931 651.6903 651.7866 651.8828 651.9799 652.0771 652.1734 652.2687 652.3638 652.4599 652.5582 652.6589 652.7616 652.8657 652.971 653.0776 653.1856 653.2953 653.4075 653.5217 653.6367 653.7509 653.864 653.9764 654.089 654.2022 654.316 654.4297 654.5429 654.6558 654.7687 654.8813 654.9927 655.1026 655.2109 655.3176 655.4226 655.5261 655.6288 655.7312 655.8328 655.9323 656.029 656.1234 656.2168 656.3104 656.4043 656.4976 656.5883 656.6749 656.757 656.8353 656.9107 656.9833 657.053 657.1196 657.183 657.2438 657.3023 657.3586 657.4125 657.4638
651.5064 651.604 651.6996 651.794 651.8883 651.9833 652.079 652.1747 652.27 652.3657 652.4627 652.5618 652.6633 652.7665 652.8713 652.9772 653.084 653.1914 653.2997 653.4101 653.5228 653.6366 653.7497 653.8617 653.9733 654.0855 654.1984 654.3118 654.4249 654.5373 654.6494 654.7611 654.8721 654.9817 655.0896 655.1962 655.3012 655.4042 655.5054 655.6056 655.7056 655.8049 655.9027 655.9984 656.0925 656.186 656.2798 656.3735 656.4664 656.5563 656.6417 656.7218 656.7979 656.8708 656.9409 657.0081 657.0725 657.1345 657.1942 657.2516 657.3068 657.3599 657.4111
651.5186 651.6147 651.7086 651.8013 651.8939 651.9876 652.0825 652.1779 652.2734 652.3696 652.4673 652.5671 652.6691 652.7729 652.8781 652.9841 653.0908 653.1972 653.3038 653.412 653.5226 653.6348 653.7469 653.8583 653.9694 654.0811 654.1937 654.3067 654.4192 654.5306 654.6414 654.7516 654.8607 654.9682 655.0743 655.1793 655.283 655.3848 655.4846 655.5831 655.6808 655.7778 655.8734 655.9677 656.0612 656.1546 656.248 656.3413 656.4333 656.5223 656.6066 656.6852 656.7595 656.8303 656.898 656.9627 657.0249 657.0853 657.1439 657.2004 657.2548 657.3073 657.3583
651.5295 651.6245 651.717 651.8085 651.9003 651.9935 652.0881 652.1834 652.279 652.3754 652.4734 652.5735 652.676 652.7803 652.8858 652.9918 653.0978 653.2029 653.3077 653.4137 653.5222 653.6327 653.7438 653.8546 653.9652 654.0763 654.1882 654.3007 654.4125 654.5229 654.6319 654.7398 654.8464 654.9517 655.056 655.1597 655.2626 655.3638 655.4631 655.5606 655.6566 655.7513 655.845 655.9378 656.0303 656.1232 656.2159 656.3082 656.3989 656.4866 656.5698 656.6474 656.7204 656.7896 656.8552 656.9174 656.9772 657.0356 657.0929 657.1487 657.2028 657.2551 657.3061
651.5389 651.6331 651.7252 651.8164 651.908 652.0012 652.0958 652.191 652.2865 652.3829 652.481 652.5813 652.6841 652.7888 652.8945 653.0002 653.1052 653.2089 653.312 653.416 653.5226 653.6313 653.7412 653.8512 653.9611 654.0713 654.1823 654.2939 654.4047 654.5135 654.6202 654.7252 654.8289 654.9318 655.0346 655.1375 655.2399 655.3411 655.4401 655.5368 655.6313 655.7245 655.817 655.9089 656.0007 656.0926 656.1842 656.2748 656.3638 656.4498 656.5316 656.6085 656.6806 656.7485 656.8121 656.8719 656.9292 656.9856 657.0414 657.0965 657.1503 657.2029 657.254
651.5468 651.6408 651.7333 651.825 651.9169 652.0101 652.1044 652.1994 652.2948 652.3914 652.4896 652.5901 652.6931 652.798 652.9037 653.0087 653.1124 653.2147 653.3165 653.419 653.5239 653.631 653.7395 653.8483 653.957 654.0659 654.1757 654.2859 654.3952 654.502 654.606 654.7078 654.8084 654.9091 655.0105 655.1127 655.2151 655.3163 655.4152 655.511 655.6043 655.6962 655.788 655.8798 655.9713 656.0623 656.1525 656.2413 656.3282 656.4122 656.4925 656.5684 656.6396 656.7061 656.7678 656.8254 656.8807 656.9354 656.9898 657.0439 657.0973 657.1499 657.2014
