cis625dem.asc
ncols         350
nrows         225
xllcorner     81150.000000001
yllcorner     98150.000000001
cellsize      1
NODATA_value  -9999
[rows 168 to 195 of 225, columns 0 to 62 of 350]
643.8966 643.9194 643.9651 644.0106 644.0571 644.1035 644.1511 644.1996 644.2534 644.3176 644.3908 644.468 644.5416 644.6115 644.6791 644.7458 644.8131 644.8814 644.9509 645.022 645.095 645.1689 645.2425 645.3155 645.389 645.4637 645.5389 645.6134 645.6871 645.7604 645.834 645.9078 645.9811 646.0526 646.1207 646.1846 646.2449 646.3026 646.3578 646.4102 646.4589 646.5043 646.5475 646.5893 646.6293 646.6669 646.7021 646.7346 646.764 646.7896 646.8114 646.8301 646.8458 646.8589 646.8696 646.8792 646.8889 646.8995 646.9109 646.9221 646.9324 646.9415 646.9494
643.8035 643.8259 643.8708 643.9153 643.9606 644.0058 644.0519 644.0987 644.1501 644.2119 644.2827 644.3578 644.4297 644.498 644.5638 644.6285 644.6937 644.7601 644.828 644.8979 644.97 645.0432 645.1161 645.1887 645.2618 645.3362 645.4114 645.4864 645.5607 645.6345 645.7087 645.7833 645.8572 645.929 645.9971 646.0612 646.1213 646.1786 646.2335 646.2855 646.334 646.3795 646.4227 646.4642 646.5035 646.5402 646.5743 646.6062 646.6355 646.6613 646.6831 646.7015 646.7169 646.7297 646.7407 646.7511 646.7621 646.7743 646.7869 646.799 646.8104 646.8209 646.8304
643.7096 643.7318 643.7764 643.8202 643.8645 643.9083 643.9527 643.9974 644.0461 644.1049 644.173 644.2459 644.316 644.3828 644.4471 644.5104 644.574 644.6387 644.7049 644.7731 644.8436 644.9156 644.9879 645.0604 645.1333 645.2073 645.2822 645.3572 645.432 645.5065 645.5813 645.6567 645.7314 645.8035 645.8718 645.9359 645.9963 646.0534 646.1075 646.1584 646.2063 646.2515 646.2946 646.3361 646.3749 646.4109 646.4443 646.4758 646.5049 646.5308 646.5529 646.5712 646.5863 646.5991 646.6109 646.6227 646.6356 646.6494 646.663 646.676 646.6883 646.7003 646.7117
643.615 643.637 643.681 643.7239 643.767 643.8091 643.8513 643.8936 643.9399 643.9961 644.0618 644.1327 644.201 644.2662 644.3293 644.3917 644.4544 644.5176 644.5821 644.6482 644.7166 644.787 644.8586 644.9308 645.0036 645.0771 645.1516 645.2266 645.3019 645.377 645.4522 645.5278 645.6028 645.6753 645.7439 645.8084 645.8693 645.9264 645.9796 646.0291 646.0757 646.1203 646.1633 646.2044 646.2429 646.2784 646.3116 646.3429 646.372 646.3983 646.4208 646.4395 646.4549 646.4684 646.4814 646.4949 646.5095 646.5247 646.5396 646.5535 646.5668 646.5803 646.5937
643.5199 643.5416 643.5847 643.6262 643.6673 643.7072 643.7468 643.7866 643.8305 643.8848 643.9487 644.0181 644.0848 644.1483 644.2101 644.2719 644.334 644.3964 644.4594 644.5236 644.5898 644.6582 644.7286 644.8004 644.8728 644.946 645.0202 645.0953 645.1708 645.2463 645.3215 645.3967 645.4711 645.5435 645.6122 645.677 645.7382 645.7954 645.8479 645.8962 645.9417 645.9855 646.028 646.0684 646.1065 646.1423 646.1759 646.2075 646.237 646.2639 646.2872 646.307 646.3237 646.3386 646.3529 646.3677 646.3835 646.4003 646.4167 646.4323 646.4471 646.4622 646.4776
643.4242 643.4456 643.4874 643.5268 643.5654 643.6027 643.6397 643.6769 643.7188 643.7712 643.8337 643.9017 643.9669 644.0289 644.0895 644.1505 644.2119 644.2737 644.336 644.399 644.4632 644.5295 644.5984 644.6692 644.7413 644.8145 644.8887 644.9637 645.039 645.1142 645.189 645.2632 645.3363 645.4075 645.4757 645.5403 645.6013 645.6582 645.7104 645.7585 645.8036 645.8469 645.8885 645.9283 645.9664 646.0029 646.0376 646.0701 646.1004 646.1284 646.1532 646.1748 646.1935 646.21 646.2256 646.2416 646.2587 646.277 646.2955 646.3133 646.3303 646.3471 646.3641
643.3267 643.3475 643.3878 643.4251 643.4611 643.4958 643.5307 643.5659 643.606 643.6569 643.7176 643.7838 643.8475 643.9083 643.9677 644.0274 644.088 644.1494 644.2112 644.2734 644.3364 644.4009 644.4681 644.5377 644.6094 644.6827 644.757 644.8317 644.9061 644.9803 645.054 645.1268 645.198 645.2675 645.3345 645.3984 645.4586 645.5149 645.5674 645.6164 645.6623 645.7054 645.7463 645.7858 645.8243 645.8618 645.8978 645.9316 645.9635 645.9932 646.0201 646.0439 646.0648 646.0831 646.1002 646.1174 646.1362 646.1566 646.1772 646.1971 646.2161 646.2344 646.2526
643.2261 643.2458 643.2842 643.3195 643.3534 643.3862 643.4197 643.454 643.4931 643.5424 643.6012 643.6654 643.7276 643.787 643.845 643.9031 643.9625 644.0231 644.0846 644.1463 644.2085 644.272 644.338 644.4065 644.4775 644.5504 644.6243 644.6981 644.7714 644.8442 644.9164 644.9872 645.0564 645.124 645.1897 645.2526 645.3118 645.3675 645.4204 645.4709 645.5184 645.5624 645.6036 645.6434 645.6825 645.7209 645.758 645.7935 645.8274 645.8593 645.8885 645.9146 645.9376 645.958 645.9769 645.9959 646.0167 646.0389 646.0613 646.0829 646.1032 646.1225 646.141
643.1221 643.1407 643.1769 643.2103 643.2424 643.2739 643.3066 643.3409 643.3799 643.4282 643.4852 643.5475 643.6082 643.666 643.7221 643.7783 643.8359 643.8953 643.9561 644.0174 644.0792 644.1421 644.2072 644.2748 644.3447 644.4164 644.489 644.5615 644.6335 644.7051 644.7759 644.845 644.9123 644.9782 645.0425 645.1044 645.1628 645.2182 645.2715 645.3233 645.3727 645.4187 645.4614 645.5024 645.5425 645.5819 645.6203 645.6574 645.6931 645.7269 645.7582 645.7864 645.8116 645.8344 645.8555 645.8765 645.8987 645.9222 645.9456 645.9682 645.9892 646.0086 646.0264
643.017 643.0343 643.0682 643.0998 643.1304 643.1608 643.1929 643.2272 643.2664 643.3141 643.3697 643.4301 643.489 643.545 643.5991 643.6531 643.7086 643.7663 643.8259 643.8866 643.948 644.0104 644.0748 644.1414 644.2098 644.2798 644.3505 644.4211 644.4917 644.5622 644.632 644.7 644.7662 644.8307 644.8938 644.9545 645.0126 645.0682 645.1221 645.1749 645.2261 645.2745 645.3197 645.3629 645.4049 645.446 645.4859 645.5244 645.5613 645.5964 645.6292 645.6592 645.6866 645.7116 645.7348 645.7574 645.7804 645.8038 645.8272 645.8497 645.8705 645.8893 645.9058
642.9122 642.9285 642.9606 642.9903 643.0193 643.0486 643.08 643.114 643.153 643.2001 643.254 643.3123 643.3692 643.4235 643.4758 643.5278 643.5814 643.6372 643.6951 643.7546 643.8151 643.8766 643.9399 644.0052 644.0722 644.1403 644.2089 644.2776 644.3465 644.4158 644.4848 644.5524 644.6181 644.6819 644.7438 644.8039 644.862 644.9183 644.9731 645.0272 645.08 645.1307 645.1789 645.225 645.2697 645.313 645.3547 645.3946 645.4326 645.4685 645.5021 645.5333 645.5621 645.5887 645.6132 645.6363 645.6588 645.681 645.7029 645.7241 645.7438 645.7614 645.7765
642.8074 642.8231 642.8538 642.882 642.9097 642.938 642.9686 643.002 643.0402 643.0861 643.1382 643.1939 643.2484 643.301 643.3521 643.403 643.4553 643.5093 643.5651 643.6223 643.6809 643.7408 643.8026 643.8663 643.9317 643.9982 644.0651 644.132 644.1992 644.2672 644.3356 644.4032 644.4689 644.5323 644.5939 644.6539 644.7123 644.7695 644.8256 644.881 644.9357 644.9889 645.0402 645.0894 645.1367 645.1824 645.226 645.2675 645.3067 645.3433 645.3773 645.4088 645.4378 645.4643 645.4883 645.5103 645.5309 645.5508 645.5703 645.5895 645.6079 645.6246 645.6387
642.7018 642.717 642.7468 642.774 642.801 642.8284 642.8585 642.8912 642.9283 642.9726 643.0223 643.0754 643.1273 643.1783 643.2288 643.2793 643.3307 643.3832 643.4368 643.4911 643.5469 643.6043 643.664 643.7258 643.7896 643.8546 643.92 643.9854 644.0511 644.118 644.1862 644.254 644.3198 644.3834 644.4451 644.5055 644.5648 644.6229 644.6804 644.7373 644.7939 644.8499 644.9042 644.9564 645.0062 645.0539 645.0993 645.1422 645.1821 645.2191 645.2531 645.284 645.3119 645.3365 645.358 645.377 645.3946 645.4119 645.4295 645.4476 645.4656 645.4821 645.496
642.5952 642.61 642.639 642.6656 642.6921 642.7192 642.7488 642.7808 642.8168 642.8593 642.907 642.9576 643.0073 643.0568 643.1065 643.1566 643.2072 643.2584 643.3099 643.3616 643.4143 643.4689 643.5262 643.5859 643.6479 643.7113 643.7751 643.8389 643.9034 643.9697 644.0378 644.106 644.1721 644.2359 644.2982 644.3594 644.4197 644.4791 644.538 644.5967 644.6555 644.714 644.7711 644.8256 644.8773 644.9263 644.9728 645.0159 645.0555 645.0919 645.1251 645.1549 645.1807 645.2021 645.2198 645.235 645.25 645.2661 645.2839 645.303 645.322 645.3389 645.3528
642.4871 642.5015 642.5298 642.556 642.5825 642.6096 642.639 642.6702 642.7051 642.7461 642.7921 642.8411 642.8892 642.9371 642.9857 643.0345 643.0839 643.1335 643.1833 643.2332 643.2836 643.3359 643.3908 643.4485 643.5087 643.5704 643.6324 643.6946 643.758 643.8238 643.8918 643.96 644.0264 644.0906 644.1534 644.2158 644.2776 644.3386 644.399 644.4596 644.5204 644.5809 644.6396 644.6956 644.7482 644.7976 644.8437 644.8857 644.9232 644.9572 644.9883 645.0162 645.0395 645.058 645.0729 645.0864 645.1013 645.1188 645.1392 645.161 645.1816 645.1992 645.2131
642.3779 642.3918 642.4193 642.4454 642.4721 642.4995 642.5288 642.5594 642.5934 642.6334 642.6783 642.726 642.7727 642.8193 642.8662 642.9134 642.9609 643.0087 643.0569 643.1054 643.1547 643.2054 643.2586 643.3148 643.3735 643.4336 643.494 643.5549 643.6174 643.6826 643.7499 643.8176 643.8839 643.9484 644.012 644.0756 644.1389 644.2015 644.2635 644.3254 644.3876 644.449 644.5081 644.564 644.6163 644.6648 644.709 644.7482 644.7823 644.8126 644.8402 644.8651 644.8864 644.904 644.9193 644.9348 644.9526 644.9739 644.9985 645.0239 645.0466 645.0649 645.0797
642.2687 642.282 642.3085 642.3347 642.3618 642.3896 642.4189 642.4492 642.4825 642.5215 642.5657 642.6124 642.6581 642.7034 642.7488 642.7941 642.8397 642.8856 642.9322 642.9797 643.0283 643.0782 643.1304 643.1852 643.2428 643.3018 643.3611 643.4213 643.4832 643.5475 643.6135 643.6799 643.7458 643.8107 643.8752 643.9399 644.0043 644.0679 644.1307 644.1931 644.2552 644.3157 644.3734 644.4276 644.4781 644.5247 644.566 644.6017 644.632 644.6583 644.6823 644.7045 644.7253 644.7448 644.764 644.7843 644.8072 644.8336 644.8625 644.8915 644.9171 644.9377 644.955
642.1608 642.1735 642.1989 642.2249 642.2521 642.2803 642.3099 642.34 642.3727 642.4111 642.4546 642.5007 642.5457 642.5901 642.6341 642.6779 642.7217 642.7661 642.8116 642.8584 642.9067 642.9564 643.0077 643.0612 643.1173 643.1751 643.2339 643.2939 643.3555 643.4186 643.4828 643.5479 643.6132 643.6786 643.744 643.8093 643.8741 643.9375 643.9996 644.0607 644.1205 644.1783 644.2331 644.2843 644.332 644.3756 644.414 644.4465 644.474 644.4982 644.5204 644.5422 644.5649 644.5889 644.614 644.6403 644.6689 644.7001 644.7328 644.765 644.7943 644.8195 644.8418
642.054 642.0661 642.0906 642.1158 642.1428 642.1711 642.201 642.2313 642.2638 642.3017 642.3447 642.3906 642.4354 642.4793 642.5223 642.5648 642.6075 642.6512 642.6964 642.7432 642.7916 642.8414 642.892 642.9438 642.9977 643.0538 643.1118 643.1714 643.2327 643.2948 643.3575 643.4213 643.4861 643.5518 643.6177 643.6832 643.747 643.8087 643.8682 643.9257 643.9816 644.0354 644.0865 644.1342 644.1785 644.2192 644.2554 644.2865 644.3134 644.338 644.3619 644.3869 644.4144 644.4442 644.4755 644.5078 644.5416 644.5768 644.6122 644.6472 644.6805 644.7115 644.7405
641.9481 641.9597 641.9833 642.0076 642.0341 642.0621 642.0921 642.1225 642.155 642.1926 642.2352 642.2811 642.3262 642.37 642.4125 642.4545 642.4968 642.5406 642.5862 642.6336 642.6827 642.7329 642.7831 642.8333 642.8843 642.9379 642.9943 643.0531 643.1138 643.1751 643.2369 643.2996 643.3636 643.4288 643.4944 643.5588 643.6206 643.679 643.7341 643.7868 643.8381 643.888 643.9357 643.9806 644.0223 644.0607 644.0956 644.1268 644.1552 644.1828 644.2115 644.2431 644.2775 644.3137 644.3508 644.3888 644.4276 644.4661 644.5037 644.541 644.5779 644.614 644.6495
641.8434 641.8546 641.8774 641.9011 641.9268 641.9543 641.9839 642.0141 642.0463 642.0834 642.1258 642.1719 642.2175 642.2618 642.3046 642.3467 642.3895 642.434 642.4803 642.5285 642.5782 642.6289 642.679 642.7279 642.7766 642.8272 642.8811 642.9384 642.9982 643.0588 643.1196 643.181 643.2434 643.3069 643.3707 643.4329 643.4913 643.5451 643.5952 643.6435 643.6913 643.7388 643.7847 643.8279 643.8682 643.9054 643.9396 643.9716 644.0027 644.0352 644.0712 644.1111 644.1537 644.1965 644.239 644.282 644.3253 644.3672 644.4073 644.4467 644.4865 644.5269 644.5677
641.7411 641.752 641.774 641.797 641.8221 641.849 641.8777 641.9072 641.9387 641.9753 642.0176 642.064 642.1104 642.1553 642.1988 642.2416 642.2853 642.3306 642.3775 642.4261 642.4761 642.5269 642.5768 642.625 642.6722 642.7203 642.7715 642.8268 642.8851 642.9445 643.0039 643.0632 643.1231 643.1836 643.2439 643.3019 643.3555 643.4042 643.4503 643.4959 643.5426 643.5896 643.6354 643.6787 643.7188 643.7558 643.7902 643.8235 643.8583 643.897 643.941 643.9897 644.0402 644.0895 644.1373 644.1849 644.2322 644.278 644.3214 644.3636 644.4065 644.4506 644.4963
641.6413 641.6517 641.6731 641.6956 641.7203 641.7466 641.7745 641.803 641.8336 641.8698 641.912 641.9589 642.0058 642.0513 642.0952 642.1386 642.1829 642.2285 642.2755 642.324 642.3738 642.424 642.4734 642.5212 642.5678 642.6148 642.6642 642.7172 642.7733 642.8306 642.8876 642.9442 643.0009 643.0573 643.1124 643.1647 643.2126 643.257 643.3005 643.3456 643.3932 643.4418 643.4894 643.5342 643.5756 643.6137 643.6495 643.6857 643.7253 643.7706 643.8223 643.8785 643.9358 643.9912 644.0442 644.0958 644.1467 644.1964 644.244 644.2903 644.3372 644.3857 644.4365
641.5424 641.5526 641.5735 641.5956 641.6202 641.6462 641.6734 641.7009 641.7308 641.7667 641.8091 641.8561 641.903 641.9482 641.992 642.0355 642.0797 642.1251 642.1717 642.2196 642.2687 642.3182 642.3669 642.4144 642.4612 642.5082 642.5569 642.6082 642.6617 642.716 642.7698 642.8231 642.876 642.9277 642.9771 643.0232 643.0663 643.1079 643.1509 643.1973 643.247 643.2982 643.3487 643.3964 643.4407 643.4818 643.5211 643.5619 643.6071 643.6587 643.7161 643.7773 643.8395 643.9001 643.9582 644.014 644.0685 644.1219 644.1741 644.2255 644.2775 644.3315 644.3878
641.4429 641.4533 641.4744 641.4964 641.5208 641.5467 641.5734 641.6004 641.6297 641.6654 641.7075 641.754 641.8 641.8444 641.8873 641.9303 641.9742 642.019 642.0647 642.1116 642.1599 642.2086 642.2568 642.3044 642.3516 642.3994 642.4482 642.4985 642.5495 642.6004 642.6506 642.7004 642.7491 642.796 642.8401 642.8818 642.9224 642.9639 643.0088 643.0576 643.1099 643.1637 643.217 643.2681 643.3164 643.3621 643.4069 643.4534 643.5041 643.5603 643.6212 643.6853 643.7506 643.8155 643.8787 643.9395 643.998 644.0554 644.1121 644.169 644.2268 644.2866 644.3485
641.3439 641.3546 641.3761 641.3983 641.4227 641.4485 641.4749 641.5015 641.5302 641.5652 641.6063 641.6517 641.6962 641.7392 641.7813 641.8235 641.8668 641.9108 641.9553 642.0008 642.0477 642.0957 642.1437 642.1916 642.2396 642.2881 642.3373 642.387 642.436 642.484 642.5311 642.5774 642.6222 642.6649 642.7056 642.7455 642.7863 642.8301 642.8782 642.9302 642.985 643.0411 643.0968 643.1509 643.2032 643.2541 643.3049 643.3575 643.4132 643.4727 643.5356 643.6016 643.6695 643.7382 643.8065 643.8727 643.9364 643.9985 644.0601 644.1222 644.1855 644.251 644.3187
641.2477 641.2587 641.2807 641.303 641.3271 641.3522 641.378 641.4036 641.4315 641.4655 641.5052 641.5491 641.5923 641.6342 641.6753 641.7168 641.7592 641.8021 641.8454 641.8895 641.9351 641.9822 642.0302 642.0784 642.1268 642.176 642.2253 642.2742 642.3217 642.3676 642.4122 642.4556 642.4973 642.5374 642.5769 642.6174 642.6603 642.7072 642.7587 642.8137 642.8713 642.9299 642.988 643.0447 643.1001 643.1555 643.212 643.2704 643.3309 643.3934 643.4585 643.5266 643.5974 643.6699 643.743 643.8152 643.8849 643.9526 644.0196 644.0867 644.1553 644.2263 644.3002
641.1566 641.1677 641.1898 641.2115 641.2343 641.2579 641.2819 641.3062 641.333 641.3658 641.4046 641.4473 641.4895 641.5308 641.5715 641.6122 641.6536 641.6954 641.7378 641.7808 641.8253 641.8717 641.9194 641.9678 642.0165 642.0657 642.1146 642.1622 642.2081 642.2523 642.2952 642.3367 642.3769 642.4164 642.457 642.4998 642.5455 642.5953 642.6492 642.7069 642.7674 642.8291 642.8901 642.9491 643.0069 643.0654 643.1263 643.1899 643.2552 643.3215 643.3895 643.4606 643.5347 643.6113 643.6893 643.7676 643.8442 643.9186 643.9913 644.0638 644.1379 644.2151 644.2959
